0 0 0 0 0 0 0 0 0 0 0 1 1 1 1 1 1 1 1 1 0 0 0 0 0 0 0 0 0 0 0 0
0 0 0 0 0 0 0 0 0 1 1 3 4 5 5 5 5 5 4 3 1 1 0 0 0 0 0 0 0 0 0 0
0 0 0 0 0 0 0 1 1 3 E E E E E E 5 5 5 5 4 3 1 1 0 0 0 0 0 0 0 0
0 0 0 0 0 0 7 C E F F F E F E F F F E 5 5 5 4 3 1 0 0 0 0 0 0 0
0 0 0 0 0 7 C E E E E F 7 7 F F E E E E E 5 5 4 3 1 0 0 0 0 0 0
0 0 0 0 7 C E E E 7 E 7 7 E E E 7 E E E E C 4 4 4 1 0 0 0 0 0 0
0 0 0 0 7 E E E 7 E C 7 C 7 E E 7 C E E E C 4 4 3 3 1 0 0 0 0 0
0 0 0 0 7 E E E 7 E 7 C C C 7 C C 7 C E C C 9 3 3 B 3 1 1 0 0 0
0 0 0 0 7 C 7 E 7 6 6 C D C 6 6 6 C 7 C C 9 6 3 B F B 3 2 1 0 0
0 0 0 0 0 7 7 C 7 6 F D D D F 6 C 6 C 7 C 7 D 6 B F B 2 1 0 0 0
0 0 0 0 0 0 7 7 7 C 6 D D D 6 6 F C C 7 C 7 C 6 B F B 2 1 0 0 0
0 0 0 0 0 0 0 7 6 D 6 D D D 6 6 F C 7 7 C 7 C 6 B F B 1 0 0 0 0
0 0 0 0 0 0 7 E 6 D F D D D F F D 7 E C 7 C 6 9 B F B 0 0 0 0 0
0 0 0 0 0 0 0 7 7 6 D D D A D D D C 7 7 7 6 9 C B F B 0 0 0 0 0
0 0 0 0 0 0 0 0 0 7 6 C D D D D D C 6 6 9 C C E B F B 0 0 0 0 0
0 0 0 0 0 0 0 0 0 7 C 6 6 C D D C 6 9 C C C E E B F B 0 0 0 0 0
0 0 0 0 0 0 0 0 0 7 E C C 6 6 C 6 9 9 9 C C C E B F B 0 0 0 0 0
0 0 0 0 0 0 0 0 0 0 7 E B B 5 B F 5 1 1 1 9 C C B F B 0 0 0 0 0
0 0 0 0 0 0 0 0 0 0 7 1 B A A B A 2 4 3 2 1 1 9 B F B 0 0 0 0 0
0 0 0 0 0 0 0 0 0 0 0 1 A A 2 A A 3 4 5 5 4 2 1 B F B 7 0 0 0 0
0 0 0 0 0 0 0 0 0 0 1 4 5 A 4 4 A 3 4 3 3 5 4 E B F B E 0 0 0 0
0 0 0 0 0 0 0 0 0 6 6 3 6 3 3 3 3 3 2 6 6 1 3 F E E E 7 0 0 0 0
0 0 0 0 0 0 0 0 6 D C 6 6 6 E E C 6 6 6 6 1 1 6 C C 6 7 0 0 0 0
0 0 0 0 0 0 0 0 6 C C 6 1 6 E C C 6 6 2 2 1 9 6 D C 6 0 0 0 0 0
0 0 0 0 0 0 0 0 0 6 6 2 1 4 5 4 4 4 3 3 2 2 1 7 6 6 0 0 0 0 0 0
0 0 0 0 0 0 0 0 0 0 0 0 1 1 5 5 4 3 1 1 3 3 2 1 0 0 0 0 0 0 0 0
0 0 0 0 0 0 0 0 0 0 0 0 1 8 1 5 4 1 6 8 1 1 2 1 0 0 0 0 0 0 0 0
0 0 0 0 0 0 0 0 0 0 0 6 A 6 6 1 3 1 0 6 8 6 1 0 0 0 0 0 0 0 0 0
0 0 0 0 0 0 0 0 6 6 6 6 8 6 0 0 1 0 0 0 6 8 6 6 6 0 0 0 0 0 0 0
0 0 0 0 0 0 6 6 8 B A A 8 6 0 0 0 0 0 6 8 A B A 8 6 0 0 0 0 0 0
0 0 0 0 0 6 8 A A A A 8 8 8 6 0 0 0 0 6 8 A A 8 8 8 6 0 0 0 0 0
0 0 0 0 0 6 6 6 6 6 6 6 6 6 6 0 0 0 0 6 6 6 6 6 6 6 6 0 0 0 0 0
